 -7.75927059 -7.38301082 -7.0136876 -6.65190377 -6.29828986 -5.95350513
 -5.61823872 -5.29321086 -4.97917403 -4.67691428 -4.3872525 -4.11104578
 -3.84918885 -3.60261553 -3.37230023 -3.16555025 -2.97260204 -2.79313966
 -2.62687052 -2.47601248 -2.34275887 -2.23445592 -2.15410233 -2.07849447
 -2.00793433 -1.94860669 -1.89020547 -1.8325185 -1.77215927 -1.71405257
 -1.66098534 -1.61479752 -1.57508228 -1.538473 -1.50529818 -1.47766648
 -1.45180434 -1.42782292 -1.40961237 -1.39145761 -1.37144834 -1.34729531
 -1.32086552 -1.29573837 -1.27227867 -1.25122658 -1.23057029 -1.21034396
 -1.18946112 -1.16984156 -1.15188462 -1.13644732 -1.12274736 -1.11000799
 -1.09845603 -1.08822497 -1.07870357 -1.06993587 -1.05740202 -1.04928093
 -1.04629771 -1.04780895 -1.05534814 -1.07000789 -1.09701534 -1.13543
 -1.17207682 -1.20649912 -1.23345133 -1.26334451 -1.2963179 -1.32844885
 -1.36608271 -1.41169275 -1.47590707 -1.5509923 -1.61857733 -1.67397011
 -1.70387613 -1.74530559 -1.79885132 -1.84828177 -1.9221955 -2.02703467
 -2.11836786 -2.2488162 -2.47889404 -2.81380685 -3.25897419 -3.82003779
 -4.50286996 -5.31358234 -6.25853488 -7.34434527 -8.57789858 -9.96635737
 -11.5171721 -13.238092 -15.137176 -17.2228049 -0.709780213 -0.609446309
 -0.520902663 -0.447681279 -0.386736759 -0.343193054 -0.311529571 -0.286737479
 -0.27109967 -0.254166382 -0.235072298 -0.215412388 -0.19453493 -0.173913078
 -0.156207253 -0.142952779 -0.126484556 -0.103687139 -0.0804386173
 -0.0585289025 -0.0371522886 -0.0151316248  0.00778617043  0.0301416163
  0.0516407583  0.0725592077  0.0923025339  0.11159354  0.131808771  0.1537016
  0.173261998  0.187832347  0.202246734  0.218876705  0.235825863  0.250115085
  0.26065812  0.271249592  0.283052117  0.29347063  0.30155272  0.307434649
  0.311241946  0.312336997  0.312345874  0.311408928  0.308853096  0.303761135
  0.296822042  0.289186087  0.280830978  0.271535716  0.261589557  0.250124464
  0.236714476  0.221334376  0.204075191  0.184927451  0.163072148  0.13697859
  0.109155028  0.0799533844  0.0496409797  0.0189720222 -0.0110469258
 -0.0444229812 -0.0820742162 -0.122933835 -0.166157986 -0.212953125
 -0.265637556 -0.326409058 -0.38919577 -0.450616045 -0.518003202 -0.595219357
 -0.681171703 -0.773255258 -0.87119857 -0.9780471 -1.09541601 -1.22209705
 -1.34920704 -1.48912473 -1.66656176 -1.90115262 -2.14006731 -2.36174049
 -2.61086952 -2.86100227 -3.16874361 -3.6409498 -4.29389304 -5.14513918
 -6.213643 -7.51985032 -9.08580734 -10.9352778 -13.0938685 -15.5891636
 -0.196011665 -0.154836036 -0.116442431 -0.0814139639 -0.0504045639
 -0.0241464689 -0.00726987539  0.00765909683  0.0252284354  0.0455392577
  0.0690894464  0.0955674005  0.126628681  0.158843037  0.189019472
  0.218275043  0.247534612  0.276288614  0.303059375  0.329670161  0.358905747
  0.388135731  0.413766986  0.437976763  0.463659569  0.488682482  0.510054516
  0.529193988  0.547753057  0.564847244  0.578494226  0.590295844  0.602507524
  0.6140155  0.622305712  0.629376763  0.638581239  0.6482424  0.65563152
  0.661653597  0.667592241  0.673240601  0.678706697  0.683231278  0.68519535
  0.685280519  0.684623778  0.683080582  0.680228211  0.676324601  0.671728612
  0.666616152  0.661952071  0.656755648  0.648268643  0.637699149  0.628504601
  0.619466173  0.607265786  0.592574435  0.577950238  0.562243014  0.541720863
  0.517181206  0.491412236  0.464387124  0.436824264  0.407795513  0.37442086
  0.336650686  0.294408483  0.248333026  0.202039729  0.154972013  0.105731315
  0.0531792348 -0.00794640347 -0.0771993142 -0.149102711 -0.224531315
 -0.309065209 -0.401819793 -0.493269239 -0.583720731 -0.678207238 -0.776649183
 -0.877711331 -0.981202654 -1.08415385 -1.18726118 -1.30111895 -1.42688672
 -1.56681419 -1.72235873 -1.89512223 -2.08686519 -2.29952219 -2.53521883
 -2.79629032 -3.08530186 -0.0719023216 -0.0518778759 -0.0250448203
  0.0107744186  0.050592264  0.0947756862  0.147590979  0.194873262
  0.255325237  0.317759498  0.375219437  0.427821574  0.481227947  0.531503989
  0.585448543  0.634692528  0.676315733  0.716824501  0.75932897  0.791741472
  0.82176296  0.855066113  0.88479792  0.910939658  0.93907392  0.962521019
  0.988496863  1.01138317  1.03255845  1.05397293  1.07639893  1.09625987
  1.11509204  1.12844579  1.14402851  1.16136937  1.175095  1.18645455
  1.19813573  1.20983274  1.21904761  1.22802615  1.23213105  1.23589584
  1.24353444  1.2455882  1.24932418  1.24851808  1.24402517  1.24171702
  1.23822161  1.23386001  1.22735765  1.21729892  1.21279269  1.2052323
  1.19497738  1.18404215  1.1722119  1.15811045  1.14764982  1.13352685
  1.11970137  1.10778572  1.08959235  1.07450516  1.05802287  1.03766852
  1.01695873  0.994649927  0.975334155  0.950137332  0.924583007  0.895786879
  0.866690446  0.833928012  0.792283305  0.74902181  0.702951467  0.657047058
  0.605907798  0.54872256  0.484691799  0.4087811  0.338381712  0.271744308
  0.188552477  0.0931129937  0.00120488554 -0.106526337 -0.180278274
 -0.268281887 -0.357384963 -0.427875128 -0.494916893 -0.566641628 -0.643368205
 -0.725435959 -0.813205813 -0.907061424 -0.0487215332 -0.0160619611
  0.0390937273  0.111405041  0.187855856  0.267336755  0.350732869  0.43621036
  0.515228764  0.592210872  0.670996488  0.739004155  0.804634262  0.863815548
  0.914750606  0.9619849  1.0069975  1.0505464  1.08863526  1.13209984
  1.17403453  1.21149656  1.24706928  1.28389558  1.31568381  1.35255119
  1.3814764  1.41450959  1.44282343  1.47377453  1.49584989  1.52148203
  1.5489343  1.5716336  1.59030688  1.61103902  1.62854814  1.64541588
  1.66252277  1.67427759  1.68492638  1.69551126  1.70370188  1.71274348
  1.71854823  1.72249038  1.72813328  1.72914331  1.73156675  1.73146946
  1.72707378  1.72162278  1.71625435  1.71128542  1.70204472  1.69360848
  1.67869428  1.6660956  1.65329182  1.63817274  1.62006492  1.59904871
  1.58119212  1.55962991  1.53945386  1.5155052  1.49070689  1.46632167
  1.44066782  1.41714191  1.39080708  1.36496229  1.33727588  1.30902376
  1.28038875  1.25241242  1.22293451  1.18761423  1.15259843  1.11728835
  1.07668519  1.03509895  0.98380619  0.930682632  0.868810765  0.8016986
  0.730431186  0.647281563  0.562409182  0.462786937  0.36059458  0.262456864
  0.165953562  0.0531212671 -0.0231473969 -0.109656828 -0.215104851
 -0.325729583 -0.441028158 -0.560247623 -0.0037047712  0.0675348319
  0.151372567  0.250590417  0.360583585  0.482349501  0.596283389  0.696786108
  0.792884081  0.883204452  0.963162501  1.0350135  1.10248606  1.16330901
  1.22455756  1.28182657  1.33935577  1.39703729  1.44672594  1.49729269
  1.54801493  1.59593159  1.64431385  1.68737492  1.73159835  1.76959211
  1.80689088  1.84412878  1.87544739  1.90799706  1.93881372  1.96422261
  1.98557242  2.01080828  2.02886002  2.04631168  2.06062584  2.07922656
  2.09077568  2.1040846  2.11292401  2.12311916  2.12884273  2.13848537
  2.13943302  2.14613482  2.15138221  2.15401287  2.15473841  2.15554049
  2.15063375  2.15177188  2.14826558  2.14350325  2.13749706  2.13493018
  2.12519068  2.12076478  2.10921672  2.09585141  2.08418303  2.06961093
  2.05061754  2.03355512  2.01356572  1.98915759  1.96188021  1.93306959
  1.90515458  1.87182007  1.83676011  1.80163972  1.76305986  1.72251376
  1.68288826  1.64562636  1.60242463  1.55909105  1.51686127  1.47363925
  1.43040227  1.3860029  1.33902059  1.28698787  1.23142473  1.17084111
  1.10610313  1.02741662  0.944722154  0.85455039  0.737104591  0.624628831
  0.503835404  0.371868351  0.244447028  0.131698885  0.00644441052
 -0.150038268 -0.345668361 -0.590390073  0.051533193  0.151143314  0.274903027
  0.41190094  0.559298892  0.709600254  0.841578619  0.969362098  1.07548825
  1.17277638  1.25928396  1.3403855  1.42540927  1.50000761  1.58310942
  1.65293006  1.72914627  1.79934915  1.86886939  1.93348588  1.99572317
  2.05221852  2.10811137  2.15840488  2.20323217  2.24977555  2.28612021
  2.32312758  2.35871674  2.38424674  2.413458  2.43744358  2.46003555
  2.47914758  2.49793458  2.5134951  2.52983208  2.54001279  2.55263082
  2.56440551  2.57237832  2.58015825  2.58567341  2.59425125  2.59675677
  2.60219249  2.60482991  2.60625852  2.60931127  2.60913182  2.61097331
  2.60776189  2.60507086  2.60291094  2.59873642  2.59602882  2.58962964
  2.58332814  2.57611163  2.56724659  2.56040113  2.54605192  2.53367127
  2.52158455  2.50247976  2.48544249  2.46240226  2.43843357  2.41322003
  2.38551752  2.35296997  2.31535229  2.27372904  2.23175545  2.18333917
  2.13248872  2.07499387  2.0175012  1.95844148  1.89733674  1.83607203
  1.77116158  1.70744916  1.64138157  1.57852199  1.51096297  1.43898444
  1.35894905  1.27234636  1.17547101  1.06544292  0.948917065  0.798573027
  0.636900648  0.475642811  0.31910703  0.157774295  0.0185207584 -0.105721677
 -0.221503261 -7.19672784 -6.69410485 -6.20711107 -5.73688947 -5.28463393
 -4.8515912 -4.43906299 -4.04840811 -3.68104464 -3.3384523 -3.0516088
 -2.78545678 -2.53290327 -2.29483593 -2.07218107 -1.87742945 -1.70303846
 -1.53852914 -1.38453466 -1.24171564 -1.11511127 -1.01092465 -0.913026273
 -0.821814839 -0.737706273 -0.661134401 -0.610199958 -0.560676085 -0.511626948
 -0.463108636 -0.415179922 -0.366193273 -0.317971791 -0.271614383 -0.227250051
 -0.185013484 -0.146973497 -0.112852085 -0.0794292615 -0.0467633859
 -0.0149154797  0.0160221053  0.045838417  0.0747304621  0.102630591
  0.129468141  0.155169317  0.177481854  0.19907554  0.220454319  0.241593316
  0.262466466  0.287485556  0.313241423  0.335359314  0.353630108  0.367835859
  0.374290958  0.369890227  0.36566525  0.361628099  0.357791377  0.354168239
  0.356588408  0.356736799  0.354424524  0.349520915  0.341889904  0.332288799
  0.319597292  0.303191247  0.28288147  0.258471043  0.225171172  0.183939524
  0.142356432  0.100428971  0.0581648121  0.0189474453 -0.00353898655
 -0.0359364012 -0.0787566981 -0.132532757 -0.197819233 -0.307191251
 -0.420101069 -0.52955016 -0.635284431 -0.737038466 -0.834535081 -0.927484868
 -1.01558572 -1.09852232 -1.17596568 -1.24757253 -1.31298485 -1.37182924
 -1.42371636 -1.46824031 -1.50497798  0.298041995  0.432913519  0.54789755
  0.634542067  0.703807712  0.748593755  0.778606212  0.803858922  0.822559058
  0.843375509  0.868907501  0.893981378  0.915531675  0.936356876  0.960664137
  0.989848581  1.01688499  1.0384571  1.06091599  1.08712722  1.11488463
  1.14125373  1.16578019  1.1897643  1.21202776  1.23477764  1.25979791
  1.28516255  1.30793122  1.3270678  1.34630567  1.36653243  1.38570046
  1.40214696  1.41723978  1.43333661  1.45138812  1.46673507  1.4768221
  1.48615943  1.49648985  1.5065688  1.5145946  1.5202299  1.52368292
  1.52279278  1.52143518  1.52159926  1.52180757  1.51959648  1.51426364
  1.5077225  1.49992665  1.49061404  1.47939015  1.46640888  1.45199746
  1.43606722  1.41836755  1.39859574  1.37693105  1.35321087  1.32741913
  1.29975868  1.27058626  1.23772449  1.19907352  1.15809382  1.11682609
  1.07359567  1.02559264  0.972335275  0.913754935  0.850035084  0.779438218
  0.700587161  0.613448002  0.518457491  0.415216869  0.302314242  0.175243208
  0.0410847478 -0.0882292917 -0.226050437 -0.398487974 -0.621168939
 -0.854019056 -1.09731078 -1.35212828 -1.6295575 -1.91729117 -2.19077428
 -2.44785475 -2.68619169 -2.903241 -3.09623987 -3.26219018 -3.39784069
 -3.49966799 -3.56385601  0.983483065  1.0006682  1.01666386  1.03122262
  1.04013022  1.05175213  1.074111  1.10184857  1.1334603  1.16578603
  1.19540478  1.22494948  1.25650701  1.28956736  1.32467409  1.35996787
  1.39387217  1.42631249  1.45503478  1.48392258  1.51866394  1.5544682
  1.58658359  1.61572796  1.64108437  1.66480069  1.6896431  1.7139079
  1.73538678  1.75469063  1.77158355  1.78729274  1.80339362  1.81932059
  1.83430893  1.84840431  1.86161393  1.87385722  1.88482975  1.89473035
  1.90327418  1.91130826  1.92127136  1.93104508  1.93602368  1.93842581
  1.94243553  1.94694995  1.95017324  1.95194874  1.95167142  1.9498345
  1.94745393  1.94444131  1.94088605  1.93638953  1.93017771  1.9221643
  1.91211559  1.90019381  1.88712656  1.87256175  1.85564749  1.83635953
  1.81497396  1.79132672  1.76523084  1.7365562  1.70582811  1.67222564
  1.63238874  1.58715801  1.54162748  1.49488984  1.44364822  1.38731824
  1.32426248  1.25444985  1.17999983  1.10039443  1.01309787  0.91872943
  0.825854934  0.733035604  0.625149476  0.503317949  0.385487919  0.272344055
  0.162056245  0.0553197569 -0.0416604475 -0.130736356 -0.256674488
 -0.423867815 -0.623827655 -0.862489829 -1.18848441 -1.613219 -2.1493383
 -2.81084959  1.01601172  1.03691889  1.06392954  1.09859811  1.14429619
  1.19321878  1.24548476  1.30200174  1.36429885  1.42789162  1.49346601
  1.55552267  1.61036078  1.66596175  1.72291861  1.77627784  1.82302343
  1.86822991  1.91048029  1.95106808  1.98850951  2.02439308  2.05669518
  2.0895906  2.12326293  2.15587569  2.18628194  2.21586163  2.24365464
  2.27070494  2.29601105  2.32102512  2.34544822  2.36869998  2.38938588
  2.41005254  2.431004  2.45005918  2.46557323  2.4802881  2.49347654
  2.50605724  2.5177546  2.52823838  2.5367117  2.54404234  2.54988815
  2.55382301  2.55439496  2.55417278  2.55262852  2.55066278  2.54860054
  2.5450802  2.53893418  2.53250781  2.526215  2.51882148  2.51000419
  2.50000526  2.48788016  2.47576653  2.46422621  2.45213898  2.44006683
  2.42633389  2.41022893  2.39286782  2.37412051  2.35398228  2.33227496
  2.30909571  2.28538479  2.2579991  2.22485448  2.18969425  2.15404975
  2.11329322  2.06447076  2.01299971  1.96038412  1.90239985  1.83723816
  1.76740207  1.69301053  1.61263426  1.52404515  1.43154407  1.33252858
  1.23538207  1.14507338  1.05393242  0.959703172  0.871188584  0.791279438
  0.721640247  0.665328514  0.626003913  0.607988132  0.616371429  1.11710415
  1.12182602  1.14348449  1.19370899  1.2719063  1.35660376  1.44638817
  1.53252776  1.61419219  1.69626877  1.77727086  1.85449453  1.92600006
  1.98980216  2.04462734  2.09763894  2.14813128  2.19899676  2.24957359
  2.29982879  2.34884527  2.39534947  2.4384425  2.48199863  2.52531491
  2.56665838  2.60514219  2.64424303  2.68329549  2.71976227  2.75254024
  2.78452184  2.81493999  2.84412965  2.87122996  2.89634309  2.91847696
  2.93925057  2.95789382  2.97593772  2.99284204  3.00741949  3.01865079
  3.02931462  3.03902524  3.04689428  3.05210248  3.05689182  3.06108388
  3.0628425  3.06119362  3.05844096  3.05422992  3.04944296  3.04413054
  3.03575566  3.02301186  3.01094155  3.0004443  2.98702076  2.96952168
  2.95145066  2.93304366  2.91415476  2.89532689  2.8741247  2.84962428
  2.82564165  2.80345317  2.77969564  2.75412908  2.72800835  2.7019173
  2.67495348  2.6475655  2.61916671  2.59052077  2.55933744  2.52541254
  2.48861066  2.44904844  2.40515984  2.35680425  2.30161998  2.23700546
  2.16798436  2.09693751  2.01417328  1.91279579  1.80768348  1.69718114
  1.59160382  1.50058459  1.40826546  1.31871373  1.22491254  1.12733268
  1.0266675  0.923890043  0.820322911  1.00539863  1.0818795  1.16664793
  1.27065436  1.39406198  1.52868163  1.6380529  1.75213228  1.86364201
  1.96576328  2.04967015  2.1297247  2.20670228  2.27697938  2.35289909
  2.41288324  2.48411638  2.55290725  2.61745269  2.68050021  2.74215653
  2.7978152  2.85636617  2.91255125  2.96426192  3.0129774  3.05922103
  3.10514204  3.14364687  3.18090635  3.2175376  3.2521674  3.28107917
  3.30619209  3.33320433  3.35433289  3.37573454  3.39408854  3.40956477
  3.42705159  3.4387727  3.45058271  3.46048033  3.46907183  3.47685805
  3.48286017  3.49005684  3.49584411  3.50022821  3.49954564  3.50159037
  3.49977305  3.49853374  3.49521169  3.49321733  3.4898152  3.48200892
  3.47325666  3.46430507  3.45438792  3.44186904  3.4283985  3.41358689
  3.39447295  3.37498591  3.35147974  3.3273055  3.29971624  3.27312422
  3.24077722  3.20679723  3.16992535  3.13353954  3.09449476  3.05456762
  3.01690834  2.97530397  2.93571105  2.8906598  2.85173495  2.80344533
  2.76451259  2.71842112  2.66805512  2.61663773  2.55227131  2.48314436
  2.40295847  2.3163936  2.21297728  2.11377188  1.99325221  1.85774372
  1.71570682  1.59591026  1.49846566  1.38731474  1.26093798  1.12572248
  0.98227202  0.961925215  1.10918513  1.24168065  1.40009781  1.54897637
  1.7084695  1.84636848  1.99365123  2.11410366  2.21939409  2.31833583
  2.41564004  2.51762063  2.60671679  2.70015117  2.79405699  2.88369172
  2.96573897  3.05180322  3.13088549  3.20647496  3.27897553  3.34361534
  3.40593622  3.46090079  3.51763201  3.56439144  3.60637764  3.64636232
  3.6842936  3.71763127  3.74467687  3.77390629  3.79992328  3.81964004
  3.84180517  3.85761615  3.87383048  3.88868717  3.90275745  3.91465651
  3.92205418  3.93134282  3.93888071  3.94714111  3.95574881  3.95663163
  3.96271805  3.9651099  3.96594554  3.96965794  3.96837934  3.96586606
  3.96615428  3.9636516  3.96009831  3.95472398  3.95067418  3.94365241
  3.93551607  3.92801845  3.9146271  3.90480244  3.8896944  3.87529442
  3.85686652  3.83683446  3.81689631  3.78769483  3.7604295  3.72583115
  3.69226934  3.65267344  3.61062792  3.56391475  3.50998184  3.45894344
  3.39852218  3.33721763  3.27754494  3.21622846  3.15252321  3.09188942
  3.02745701  2.96334326  2.89824569  2.82539961  2.74856992  2.66460178
  2.56569364  2.44989058  2.32324883  2.18538567  2.00247599  1.83214692
  1.65715904  1.51079893  1.37323869  1.22099948  1.05368565 -6.04957594
 -5.55895954 -5.08437744 -4.62698662 -4.18799545 -3.76866568 -3.37031456
 -2.99431695 -2.6421076 -2.31518343 -2.05154948 -1.80743472 -1.57367626
 -1.35097596 -1.14006649 -0.94867603 -0.772435717 -0.605210756 -0.447589508
 -0.300185936 -0.167225742 -0.0538970934  0.053014082  0.15309653  0.245921178
  0.331040444  0.393447268  0.453003765  0.510378625  0.565418917  0.61796496
  0.664761869  0.708813378  0.751801639  0.793642746  0.834249004  0.87134508
  0.905316251  0.939882524  0.975054282  1.01084209  1.04799617  1.09026275
  1.13074995  1.16933696  1.2058977  1.24030055  1.26944913  1.29694145
  1.32342779  1.34883764  1.37309732  1.39640755  1.41847667  1.43894926
  1.45772681  1.47470662  1.48911651  1.50029318  1.51028897  1.51903424
  1.52645639  1.53247976  1.53970039  1.54420523  1.54581493  1.54437304
  1.53971662  1.5246424  1.50658503  1.48904265  1.47205386  1.45565898
  1.44615119  1.44197768  1.43254441  1.41757486  1.39678113  1.37136789
  1.34711844  1.31182897  1.26492876  1.2058237  1.13389541  1.03114917
  0.919228324  0.801569952  0.677939416  0.548093213  0.411778642  0.268733472
  0.118685591 -0.0386473501 -0.203558318 -0.376351278 -0.557341599 -0.746856464
 -0.945235309 -1.15283026 -1.37000659 -0.323156198  0.321835452  0.820973508
  1.06584352  1.24290631  1.36702576  1.45413085  1.51826013  1.55202729
  1.5888932  1.63295637  1.67594431  1.71462482  1.75081844  1.78680607
  1.82253813  1.85750952  1.89139953  1.92437776  1.95578955  1.9862763
  2.01653986  2.04629465  2.07662286  2.10872007  2.13992983  2.16900663
  2.19654004  2.22320166  2.24857283  2.27400685  2.30037494  2.32560384
  2.34858368  2.36981331  2.39004007  2.40911651  2.4268415  2.44207015
  2.45669114  2.47190619  2.48639308  2.49794968  2.50528718  2.51239612
  2.51967835  2.52613682  2.53168886  2.53586519  2.53775388  2.53649658
  2.53478585  2.53374541  2.53082907  2.52391005  2.51454834  2.50591606
  2.49986545  2.48882811  2.46805409  2.44605286  2.42713251  2.4086202
  2.3857893  2.35730906  2.32660939  2.29432941  2.25859348  2.21796988
  2.17306231  2.12536073  2.07572786  2.0199038  1.95753078  1.8876988
  1.81083323  1.72475603  1.62512035  1.50625563  1.38333174  1.26275478
  1.13061354  0.982833409  0.817023006  0.628517048  0.407865077  0.179364519
 -0.0504930675 -0.296176561 -0.560082051 -0.847403057 -1.16685251 -1.52107292
 -1.91290406 -2.34539714 -2.82182997 -3.34572316 -3.92085747 -4.55129242
 -5.24138614  1.69429079  1.7351622  1.78519002  1.8429047  1.89230554
  1.92070407  1.94192898  1.98192674  2.00373293  2.04701708  2.08799562
  2.12523885  2.16684007  2.19963402  2.24489082  2.28493805  2.31913037
  2.35991546  2.40142082  2.4379237  2.47556245  2.51790426  2.54426055
  2.57336317  2.61052231  2.64323376  2.67042098  2.70118431  2.71987957
  2.75186581  2.770715  2.79291872  2.81297652  2.83422488  2.85437818
  2.87653602  2.89279453  2.90867219  2.92380468  2.93873279  2.96146395
  2.97528305  2.98709183  3.00740362  3.02233425  3.03051556  3.04072992
  3.04996437  3.05802441  3.06693843  3.06953166  3.07572298  3.08425581
  3.08424709  3.09311532  3.08636752  3.09225401  3.08884683  3.08271455
  3.08168268  3.07547068  3.06571726  3.05230898  3.03090149  3.02095941
  3.00173812  2.9746613  2.94811222  2.91894827  2.89355336  2.85458326
  2.80656717  2.77185522  2.71966462  2.67387745  2.60928886  2.53479431
  2.47757143  2.39190472  2.32301518  2.22350618  2.11353495  2.00876615
  1.898419  1.75312996  1.6527221  1.52542818  1.37074616  1.22573002
  1.14102749  0.980014342  0.879762395  0.697976441  0.457820677  0.229085417
  0.00627825913 -0.182915597 -0.325851533 -0.415065588 -0.442235321  1.77089461
  1.82857266  1.88527745  1.93941234  1.98630953  2.0419141  2.11145102
  2.17939079  2.24269239  2.30892571  2.37929395  2.44817614  2.51361415
  2.57817292  2.64127937  2.70020073  2.75091161  2.80184909  2.85327936
  2.90120465  2.94158885  2.98394446  3.02939403  3.07349073  3.11471548
  3.15491427  3.19272765  3.22995688  3.2653514  3.30095775  3.33654412
  3.37130807  3.40405195  3.43641626  3.46783653  3.49825004  3.52671512
  3.55387887  3.57831923  3.60225969  3.62543287  3.64701312  3.66558775
  3.68320604  3.69942003  3.71386092  3.72521124  3.7352386  3.74325619
  3.74965332  3.75309377  3.75590476  3.75795353  3.75889434  3.7578121
  3.75641178  3.7553273  3.75239704  3.74588886  3.73935445  3.73332629
  3.72648872  3.71885664  3.70991049  3.69910811  3.68720093  3.67390249
  3.65955638  3.64431028  3.6273768  3.60881662  3.5875794  3.56262818
  3.53538863  3.50584039  3.47315706  3.43777002  3.3968492  3.34701881
  3.29465573  3.24290918  3.18295389  3.10935644  3.03234988  2.95466793
  2.86943673  2.773007  2.67210038  2.56463896  2.45755868  2.35322722
  2.25044537  2.1543637  2.05568525  1.95387709  1.85117662  1.74852882
  1.64703053  1.54801869  1.45311134  1.57675716  1.72892024  1.86240487
  1.96716212  2.04725131  2.15675474  2.27925102  2.37553161  2.45327174
  2.56022432  2.64617328  2.71738688  2.80021807  2.88716134  2.95602332
  3.00834238  3.06905106  3.12947377  3.19281286  3.2522932  3.31909548
  3.37172269  3.43345552  3.48866785  3.5501759  3.59950233  3.65410388
  3.70355238  3.75244936  3.80041524  3.84438454  3.88776837  3.92838971
  3.9693953  4.00682678  4.04002052  4.07245889  4.10073189  4.1301395
  4.15256764  4.17329693  4.19781071  4.21604141  4.23322157  4.24428495
  4.25933842  4.27112197  4.27997156  4.28526048  4.29026829  4.29295446
  4.2949573  4.29682525  4.2944747  4.28756916  4.28520018  4.27563679
  4.26696027  4.25930827  4.24445887  4.23371549  4.21578119  4.1966294
  4.18201101  4.15878619  4.14340325  4.12140245  4.09943113  4.07558524
  4.05105225  4.03028686  4.00957811  3.98359413  3.95848661  3.93351153
  3.90981535  3.88104332  3.85144171  3.8197729  3.77952298  3.73978635
  3.70236137  3.64416037  3.58761629  3.52594062  3.45612479  3.37380849
  3.28128962  3.19454584  3.09288439  2.97867157  2.83460303  2.71470265
  2.63351  2.50574659  2.39902393  2.30946502  2.20991225  2.09912609
  1.97569173  1.75024914  1.81601949  1.90482496  2.05948598  2.17273636
  2.32267247  2.44884864  2.571501  2.67376837  2.79670405  2.90719048
  2.9917632  3.08021848  3.15294111  3.24739698  3.3323996  3.41599622
  3.49766212  3.58306718  3.65558798  3.7315758  3.81515723  3.88375539
  3.95559061  4.0240292  4.08626858  4.14697341  4.20439628  4.25730689
  4.30812503  4.35022188  4.39574147  4.43242672  4.46658042  4.50437048
  4.53290122  4.56325557  4.58707269  4.60800111  4.62821215  4.64855699
  4.66450538  4.67591625  4.69157206  4.70268906  4.71595809  4.72411766
  4.73129217  4.73885458  4.74485416  4.74364965  4.74786769  4.75191162
  4.75009773  4.74919431  4.74617663  4.73924462  4.73543553  4.728816
  4.72226034  4.7093038  4.6978603  4.68438811  4.66744169  4.64911124
  4.62876376  4.60216866  4.57895101  4.54760026  4.51667737  4.48686979
  4.4500426  4.41735052  4.37820584  4.34121155  4.30126313  4.260584
  4.22677422  4.18640402  4.14198474  4.1029422  4.0593841  4.01034066
  3.96348922  3.90816125  3.84625614  3.77467073  3.6999954  3.61580986
  3.51381652  3.39765853  3.27536509  3.13003569  2.97639227  2.82783235
  2.72690534  2.5862328  2.48664355  2.5227576  2.74913647  1.52971787
  1.73888515  1.93703358  2.10899243  2.25217859  2.47873386  2.604705
  2.75855137  2.90366648  3.00772257  3.12729121  3.24568914  3.36195593
  3.48128416  3.59156754  3.70224603  3.81744536  3.92720541  4.02885849
  4.13085843  4.22379626  4.31428236  4.40193219  4.47806467  4.55510904
  4.61785969  4.68314134  4.73424677  4.79362925  4.84158532  4.88083089
  4.9169884  4.95109865  4.98749092  5.01374188  5.04197867  5.0678806
  5.08626307  5.11001516  5.12501217  5.14002065  5.15341607  5.16788809
  5.17818551  5.18800056  5.19678865  5.20560276  5.21255168  5.21758125
  5.22494836  5.22627624  5.22718942  5.22741595  5.22652826  5.22674401
  5.22531547  5.22469737  5.21801012  5.21644365  5.20735755  5.2035083
  5.19100199  5.17982817  5.17000333  5.15827754  5.14311456  5.12186454
  5.10038739  5.07320275  5.04762758  5.01353587  4.97673445  4.94141228
  4.89858064  4.85544956  4.80364702  4.74827776  4.69253259  4.63690515
  4.5759486  4.51471128  4.45112147  4.39040572  4.32573871  4.26109832
  4.2019507  4.12903927  4.04909515  3.96072571  3.85794321  3.74943922
  3.61987767  3.45400651  3.29063961  3.13274435  2.99555724  2.83533333
  2.65595108  2.47612122  2.30399505 -3.74047367 -3.46536407 -3.19338515
 -2.92487468 -2.66018642 -2.39969072 -2.1437752 -1.89284545 -1.64732571
 -1.40765963 -1.17431102 -0.947764652 -0.728527081 -0.517127502 -0.314118627
 -0.118111041  0.0688335845  0.244118743  0.40700908  0.556737495  0.685223643
  0.782454557  0.875808879  0.96502023  1.04981052  1.12988947  1.1976586
  1.26301193  1.32620991  1.3870974  1.44551236  1.49826937  1.54829548
  1.59722662  1.64497345  1.69144261  1.73571496  1.77786948  1.81923681
  1.85974888  1.89933449  1.93778501  1.97434472  2.0101851  2.04524514
  2.07946109  2.11276627  2.14569949  2.17741862  2.20768314  2.23639607
  2.2634562  2.28645195  2.30702923  2.32733009  2.34732703  2.36699124
  2.38848751  2.41360483  2.43515265  2.45292587  2.46671077  2.4762846
  2.47062631  2.46494566  2.45936896  2.45390528  2.4485641  2.44277526
  2.43717682  2.43208327  2.42752489  2.42353326  2.43016579  2.44489611
  2.45069726  2.44708621  2.4335599  2.40950251  2.37399615  2.32719857
  2.26853277  2.19739813  2.11316961  2.01519676  1.90280278  1.77528353
  1.63190652  1.47190982  1.29450094  1.09885573  0.884117171  0.649394131
  0.39376011  0.116251909 -0.184131734 -0.508431567 -0.857729293 -1.23314909
 -1.63585921  0.915770478  1.26269344  1.55474397  1.7618063  1.92945046
  2.04821102  2.13601758  2.21242989  2.27496668  2.33039676  2.37279846
  2.41235853  2.44904884  2.48522722  2.52471074  2.56902885  2.60981473
  2.64323803  2.67619473  2.71045039  2.74524965  2.77949236  2.81279719
  2.84651623  2.88174096  2.91596154  2.9474744  2.97755417  3.00812499
  3.03951315  3.06969334  3.09922251  3.12623733  3.14761924  3.16654658
  3.18799908  3.21329682  3.23675415  3.2574053  3.27653645  3.29399537
  3.30996456  3.32472765  3.33801396  3.35014305  3.36054408  3.36995634
  3.37861897  3.38619337  3.3920849  3.39579171  3.39860495  3.40027413
  3.40100945  3.40165488  3.40091153  3.39642358  3.38671968  3.37613343
  3.36544851  3.35277683  3.33686682  3.31830511  3.29848685  3.27834895
  3.25354041  3.22251408  3.1871626  3.14662328  3.10203219  3.05614359
  3.0114729  2.95809929  2.89204548  2.81916731  2.74316655  2.66051172
  2.56463937  2.45179292  2.33022725  2.19634149  2.05569484  1.92078841
  1.77698764  1.59515369  1.35538098  1.11125211  0.853439658  0.601807764
  0.392932904  0.191612181 -0.0723762647 -0.405034384 -0.812836546 -1.3027642
 -1.88234301 -2.55968261 -3.34351921 -4.2432612 -5.26903803  2.4775449
  2.49795912  2.52086585  2.54652941  2.57524064  2.60731956  2.6439077
  2.68366294  2.72596327  2.77077457  2.8208351  2.87058338  2.91276751
  2.95339173  2.99863586  3.04462174  3.0872493  3.12835431  3.16917546
  3.2095734  3.24937641  3.28829402  3.32496111  3.36112322  3.40028046
  3.43840056  3.46862249  3.49609585  3.52768806  3.55974616  3.5871045
  3.61196192  3.63615444  3.66047874  3.68637964  3.71287837  3.73882562
  3.76401498  3.78780802  3.81067617  3.83308487  3.85519464  3.87756311
  3.89954802  3.92032515  3.93952246  3.95576913  3.97022724  3.98502838
  3.99987715  4.01463235  4.02863873  4.04045406  4.05035763  4.05882273
  4.06602513  4.07280993  4.07853326  4.0818487  4.08261635  4.08058676
  4.075822  4.06902784  4.05983499  4.04711349  4.031244  4.01448989
  3.99597156  3.97348245  3.9464572  3.91351344  3.87471067  3.83110411
  3.78300179  3.73450791  3.68353005  3.62031723  3.54505073  3.4621695
  3.37173669  3.27900295  3.18167913  3.06439963  2.92760254  2.78511703
  2.63709972  2.48464893  2.32858867  2.17934438  2.03591939  1.87179126
  1.68664043  1.50237831  1.31996593  1.14049768  0.965216019  0.795527763
  0.63302193  0.479489472  0.33694497  2.4753133  2.51631542  2.56137713
  2.61065253  2.66321617  2.72723522  2.81117654  2.88751779  2.94769123
  3.01601129  3.09773518  3.1758586  3.24731335  3.31584186  3.3776757
  3.4413838  3.50894143  3.57022457  3.6192057  3.66945137  3.72119779
  3.77209779  3.82029733  3.86933122  3.91930402  3.96800936  4.01320671
  4.05939257  4.10639203  4.15357455  4.20067319  4.24634635  4.28864817
  4.33070002  4.3718063  4.41202733  4.45041741  4.4872688  4.52084202
  4.55371879  4.58523068  4.61527073  4.64225124  4.6685409  4.69404947
  4.71708127  4.73542182  4.75260699  4.76763987  4.78176554  4.79459267
  4.80578112  4.8137944  4.82132881  4.82869982  4.83411306  4.83601124
  4.83697193  4.83617515  4.83513656  4.8342362  4.83215765  4.82832872
  4.82341894  4.81709148  4.80954804  4.80054559  4.78998897  4.77791536
  4.76320595  4.743592  4.72391882  4.70696828  4.68555402  4.65769282
  4.62561892  4.58874305  4.54639663  4.49539643  4.44179984  4.3885719
  4.32739649  4.25522818  4.1756293  4.08701336  3.9909143  3.88527517
  3.7734565  3.65419029  3.5306124  3.39668827  3.27165631  3.17507671
  3.0657914  2.93684035  2.79645007  2.64386627  2.47789755  2.29721999
  2.10036068  2.43535571  2.52108068  2.60603772  2.68360893  2.75609202
  2.84575173  2.95151549  3.05845514  3.16464942  3.26492244  3.35776748
  3.44875069  3.5359159  3.61589285  3.68729719  3.75648855  3.8231301
  3.89563214  3.97328917  4.0481382  4.11895177  4.18984668  4.25985809
  4.32965503  4.39817281  4.46628725  4.53277572  4.59719262  4.65810186
  4.7172275  4.7732656  4.82861835  4.88212153  4.93384361  4.98233341
  5.02658807  5.06474185  5.10321427  5.14131989  5.17579352  5.20488872
  5.23266416  5.25816336  5.28158894  5.30179002  5.31994209  5.33493823
  5.34952521  5.3633439  5.37400215  5.38004479  5.38487  5.38795334
  5.38930287  5.38817086  5.38626462  5.38341125  5.37893608  5.37239464
  5.3630825  5.34977962  5.3364883  5.32383629  5.30887742  5.2906334
  5.27279396  5.25630238  5.23852713  5.21928617  5.19938453  5.17930254
  5.15727098  5.13236754  5.10880245  5.08902711  5.0659504  5.03833557
  5.00863355  4.97701538  4.94233681  4.90508476  4.86129235  4.80888085
  4.74981958  4.68222661  4.60878291  4.53007411  4.44166345  4.34086058
  4.230744  4.10715846  3.98081198  3.8501487  3.72810582  3.62459859
  3.53027118  3.44986356  3.38934909  3.3562099  3.35977031  2.45632496
  2.53291843  2.62097913  2.72474555  2.84283688  2.97429611  3.11413966
  3.25095645  3.3818918  3.49822752  3.60229593  3.70117677  3.79646389
  3.89496183  3.99535492  4.09378567  4.1904781  4.28864992  4.38722522
  4.48463094  4.57978214  4.67223796  4.7609337  4.84643538  4.92765048
  5.00579964  5.07976753  5.15098302  5.2179401  5.28019949  5.33654695
  5.3893591  5.43749372  5.48288601  5.52438392  5.56305422  5.59781767
  5.63017554  5.65910058  5.68563097  5.70885609  5.73031355  5.74933776
  5.7682233  5.7863385  5.80234265  5.8153713  5.82680568  5.83595647
  5.84397226  5.85033728  5.85600749  5.86056209  5.86369244  5.86481433
  5.8644049  5.86192811  5.85820639  5.85287774  5.84674466  5.83966459
  5.83081982  5.8197641  5.80539198  5.78664758  5.76703774  5.74695663
  5.72333702  5.69519637  5.66597464  5.63631577  5.60477339  5.57163861
  5.53644655  5.49940211  5.46146754  5.42364881  5.38616491  5.35142191
  5.31389404  5.27373117  5.23054054  5.18509691  5.13394102  5.07596172
  5.01235817  4.94409149  4.86467342  4.77023645  4.66591636  4.55158656
  4.42302363  4.27016481  4.12257373  3.99404386  3.86882698  3.75220096
  3.65134085  3.57587298  3.53857962  2.37438869  2.48043239  2.60541162
  2.76378449  2.94022072  3.10809166  3.26836622  3.4120678  3.54620338
  3.67574398  3.80427858  3.934767  4.06823771  4.20503607  4.34394067
  4.47976926  4.61269346  4.7405451  4.86380369  4.98158956  5.09461497
  5.20499711  5.31099038  5.40725896  5.49447528  5.57676621  5.65334493
  5.72374623  5.78744318  5.84564325  5.89806531  5.94771291  5.99345186
  6.03394949  6.06891456  6.10221166  6.13311498  6.16192855  6.18786212
  6.21137732  6.2317819  6.25019972  6.26613188  6.28142628  6.29549396
  6.3079108  6.31813369  6.32753165  6.33562187  6.34240057  6.34749932
  6.35292128  6.35834665  6.36169559  6.36234226  6.36274484  6.36265652
  6.36063893  6.3561483  6.35134634  6.3461959  6.33954233  6.33096536
  6.32024081  6.30684612  6.29200049  6.27562435  6.25592699  6.23213283
  6.20598131  6.17753123  6.14441511  6.1056449  6.06355845  6.01848259
  5.97036682  5.92020369  5.8652785  5.80527239  5.74569296  5.69124301
  5.63275532  5.57102227  5.5067483  5.44291732  5.37493619  5.3057134
  5.22735101  5.13991591  5.03677392  4.9115528  4.77442891  4.62867406
  4.46219285  4.2575552  4.06611784  3.9035365  3.79211035  3.76313259
  3.86002126 -3.9483903 -3.77785565 -3.6078031 -3.43836464 -3.26967894
 -3.10189168 -2.93515578 -2.76963171 -2.60548781 -2.4429006 -2.2820551
 -2.12314517 -1.96637388 -1.81195387 -1.66010772 -1.50046014 -1.34112575
 -1.1929731 -1.05669498 -0.933013942 -0.829973218 -0.757548999 -0.68827505
 -0.62236373 -0.560036699 -0.501525282 -0.452998779 -0.40641292 -0.361550805
 -0.318532972 -0.27748528 -0.242335661 -0.209314623 -0.176274049 -0.143233505
 -0.110213608 -0.0747044235 -0.037286445 -0.00241236152  0.0297594881
  0.0590639501  0.0840377214  0.0979796279  0.112754654  0.128398311
  0.144947475  0.162440435  0.187241948  0.211396354  0.233237091  0.252626313
  0.269420301  0.281618272  0.290473686  0.297635501  0.303008321  0.306492745
  0.30822921  0.308312217  0.305833729  0.300657766  0.292642734  0.281641204
  0.266303107  0.248182389  0.227154706  0.203077106  0.175800864  0.151690043
  0.123529482  0.0877392446  0.0439320286 -0.00829525869 -0.082206665
 -0.174957628 -0.265139512 -0.352558117 -0.437010542 -0.508853523 -0.529653079
 -0.573650561 -0.642063997 -0.736161576 -0.85726355 -1.00674421 -1.18603391
 -1.39662122 -1.6400551 -1.91794716 -2.23197405 -2.5838799 -2.97547884
 -3.40865762 -3.88537837 -4.40768138 -4.97768805 -5.59760391 -6.26972177
 -6.99642496 -7.7801907  0.55386668  0.644070536  0.726007621  0.798609172
  0.860720173  0.907166117  0.94270076  0.972020209  0.993536699  1.01296223
  1.02664646  1.04178123  1.06192033  1.08417858  1.10481997  1.12331925
  1.14151187  1.15786697  1.17550957  1.19585068  1.21797367  1.24109051
  1.26583375  1.28863207  1.30735836  1.32582224  1.34573163  1.36564882
  1.3831852  1.397173  1.41234701  1.43153206  1.44886582  1.46112235
  1.47044926  1.48015336  1.49081258  1.49943691  1.50466209  1.50868922
  1.51208335  1.51445426  1.51520672  1.51396515  1.51147029  1.50746416
  1.50209258  1.49531135  1.48695347  1.47649722  1.46295972  1.44992695
  1.4400368  1.42791551  1.4105271  1.38956948  1.36792533  1.34567271
  1.32235416  1.29864979  1.272927  1.24422023  1.21288538  1.17962443
  1.14433091  1.10679374  1.06723836  1.02471168  0.978584223  0.92888722
  0.875953323  0.820074099  0.759039234  0.693594468  0.620891838  0.538126561
  0.446604277  0.349158785  0.245394192  0.134886326  0.0221616594 -0.103734873
 -0.247011322 -0.409003776 -0.591298799 -0.797031448 -1.02304963 -1.27858006
 -1.54944371 -1.83195079 -2.12666537 -2.43418233 -2.75512924 -3.09016828
 -3.43999841 -3.80535755 -4.18702496 -4.58582381 -5.00262385 -5.43834428
  1.27005143  1.26460467  1.26497995  1.27203398  1.29112498  1.31360343
  1.33265547  1.35213396  1.37599929  1.40119783  1.42496054  1.44892919
  1.47454787  1.5012174  1.52887937  1.55672793  1.58303145  1.60986032
  1.64075824  1.67186806  1.69875036  1.72335499  1.74731152  1.77026627
  1.79175255  1.81167091  1.82943189  1.84556732  1.86074799  1.87434398
  1.88466674  1.89328297  1.90234912  1.91089887  1.91715924  1.92212832
  1.9277002  1.93254364  1.93382424  1.93334944  1.93365822  1.93452203
  1.93673847  1.93837543  1.93545415  1.92961057  1.92343641  1.91690684
  1.91023635  1.90300237  1.89444652  1.88454135  1.87258627  1.85961482
  1.84863001  1.83824009  1.82526697  1.80996867  1.7930798  1.77454588
  1.75458569  1.73280448  1.70786107  1.68024368  1.65180285  1.62231613
  1.59171921  1.55925015  1.52220655  1.48102988  1.4381642  1.39333888
  1.34623118  1.29618829  1.24039893  1.17932861  1.11820128  1.05512455
  0.978910221  0.890893542  0.803506837  0.716183666  0.623870945  0.52638655
  0.423672236  0.315853016  0.20471327  0.0908535877 -0.0217902931 -0.132053828
 -0.232832027 -0.323273794 -0.413591636 -0.503360451 -0.592094934 -0.679242888
 -0.764177849 -0.846190955 -0.924481996 -0.998149544  1.39471342  1.39947518
  1.41072032  1.43012183  1.46071383  1.49828223  1.54589401  1.59694012
  1.65281902  1.70867858  1.76371858  1.81810985  1.87106808  1.92180489
  1.96809103  2.01366625  2.05822899  2.09935859  2.13428888  2.16777304
  2.19870902  2.22782273  2.2532826  2.27850967  2.30297736  2.32710586
  2.35071246  2.3727385  2.39161872  2.41023083  2.42832329  2.4455275
  2.46104857  2.47588476  2.48944074  2.50236211  2.51471034  2.52486892
  2.531052  2.53662872  2.54113581  2.54525492  2.54912707  2.55165829
  2.55212102  2.55140939  2.54946878  2.54528843  2.53731295  2.52849602
  2.5184549  2.50797756  2.49729953  2.48573349  2.47345894  2.45957356
  2.44325603  2.42605835  2.40762755  2.38894373  2.37041517  2.35141294
  2.33267119  2.3123866  2.28980127  2.26657297  2.24305745  2.21864075
  2.19402886  2.16733053  2.13786414  2.10680313  2.07457405  2.03983038
  2.00157998  1.96184177  1.92212797  1.87845126  1.83052663  1.7771534
  1.71508687  1.65098924  1.58839046  1.51832255  1.43561241  1.35066174
  1.26637398  1.17679357  1.07586892  0.979619735  0.898628564  0.812268794
  0.719480886  0.619767262  0.512589116  0.39736263  0.273454787  0.140178755
 -0.00321123446 -0.157525555  1.48435752  1.49223597  1.51247059  1.55257942
  1.61290012  1.68238039  1.7603127  1.83946054  1.91843135  1.99352947
  2.06339329  2.13006441  2.19201878  2.24874099  2.29897571  2.34617784
  2.38946528  2.43176078  2.47232444  2.51148528  2.54863622  2.58658105
  2.62459866  2.65915151  2.6893097  2.72000764  2.75081333  2.78092408
  2.80964401  2.83664391  2.86109842  2.88407848  2.90489102  2.92609101
  2.94731206  2.96617831  2.98173687  2.99695937  3.01142632  3.02343299
  3.03201076  3.0397385  3.0461971  3.05165931  3.05569644  3.05797217
  3.05779997  3.05787509  3.05841229  3.05539742  3.04747863  3.03921218
  3.03071852  3.02078996  3.00917863  2.99510151  2.97777514  2.95996752
  2.94218243  2.92107647  2.89550799  2.86923221  2.84271534  2.81489542
  2.78597316  2.75558871  2.72388674  2.69094814  2.65707426  2.62230187
  2.58714071  2.55150837  2.51630717  2.48042104  2.44495762  2.4072894
  2.36731632  2.32586186  2.28375186  2.23927111  2.1933357  2.14244662
  2.08547609  2.02414448  1.95926277  1.8864059  1.8023839  1.71384072
  1.6213882  1.52426683  1.42277423  1.31766288  1.20528131  1.10233977
  1.01382776  0.946037436  0.90685473  0.90611194  0.956014388  1.07165639
  1.37530357  1.47117091  1.56276689  1.6611487  1.76455868  1.8773283
  1.97989075  2.08410637  2.18446429  2.27573098  2.35096937  2.42856989
  2.48876525  2.55542663  2.60915169  2.6649174  2.72197601  2.7764151
  2.82776065  2.87925015  2.92816429  2.97325919  3.01688057  3.05981303
  3.10084147  3.14441032  3.17790804  3.21136445  3.24216803  3.27457147
  3.30267293  3.32695426  3.34829666  3.37270721  3.39210922  3.40708199
  3.42306992  3.43789711  3.44708032  3.45592192  3.46897277  3.47460211
  3.48169792  3.49008709  3.49163829  3.49518005  3.49691189  3.49951056
  3.4993018  3.49788565  3.49282161  3.4879071  3.48493923  3.4785109
  3.46905791  3.46308027  3.45210125  3.44040908  3.42677562  3.4115363
  3.39694138  3.37435587  3.35301628  3.32827266  3.30103493  3.27304366
  3.23853533  3.20543747  3.16619601  3.12550521  3.08128571  3.03557394
  2.98928175  2.93774352  2.88247812  2.82875129  2.78124699  2.72329789
  2.67030334  2.61769649  2.56181554  2.50201141  2.44413485  2.3838109
  2.32111842  2.25447184  2.17342478  2.09087405  2.00186851  1.89309185
  1.77329643  1.6530633  1.52356492  1.38224905  1.22907287  1.09091052
  0.968346048  0.855865539  0.761127086  0.694376428  1.47034097  1.56548141
  1.66577417  1.82153017  1.96073333  2.09851017  2.2357409  2.35948112
  2.47153755  2.55984935  2.64553318  2.73241032  2.81343336  2.89345801
  2.96727961  3.04888325  3.11714724  3.18086062  3.24981509  3.31387334
  3.37617954  3.43205459  3.48730397  3.53565395  3.58062495  3.62388257
  3.66258048  3.69973207  3.73013616  3.76054967  3.7862958  3.80845921
  3.83309408  3.85060051  3.86913264  3.88458374  3.89664111  3.90680702
  3.91879592  3.93038061  3.93812111  3.9431986  3.94964345  3.95516423
  3.95685003  3.96330539  3.96332257  3.96404282  3.96680958  3.96409374
  3.96336412  3.95842661  3.95725177  3.95467852  3.94768411  3.9428505
  3.93260078  3.92556333  3.91538796  3.90256106  3.88954802  3.87525932
  3.86193196  3.84258823  3.82219147  3.79837869  3.77180611  3.74277524
  3.71109744  3.67342434  3.63209978  3.5865203  3.53648474  3.48337728
  3.42275809  3.35423326  3.28545812  3.2147577  3.13854249  3.05649747
  2.97432425  2.89623087  2.81696725  2.73527279  2.65819132  2.57448466
  2.48914904  2.40438256  2.30342113  2.18973412  2.06518567  1.93789803
  1.79505675  1.61881599  1.42749887  1.23753417  1.09448188  0.965568457
  0.82483472  0.672807459 -3.03024751 -2.82723996 -2.62644355 -2.42810226
 -2.23247168 -2.03981938 -1.85042549 -1.66458309 -1.48259884 -1.3047934
 -1.13150207 -0.963075348 -0.79987948 -0.642297135 -0.490728018 -0.34444488
 -0.204732832 -0.0731920565  0.0496566664  0.163270018  0.26233127  0.340260791
  0.414872993  0.485943219  0.553236962  0.616509476  0.668457791  0.718678505
  0.767463824  0.814706245  0.860293454  0.90296212  0.943768988  0.983277785
  1.02139417  1.0580196  1.09171894  1.1226782  1.15311577  1.18298465
  1.21223565  1.24094784  1.26972648  1.29729744  1.32357867  1.34848454
  1.37192567  1.3910574  1.40926111  1.42717891  1.44478426  1.46204942
  1.48054699  1.49902688  1.51588967  1.53103803  1.54437046  1.55641729
  1.56759583  1.57571672  1.58061071  1.58210151  1.58000548  1.57008443
  1.55793499  1.5434916  1.52664011  1.50726174  1.48224296  1.45469077
  1.42603667  1.39623939  1.36525613  1.33307439  1.29964009  1.2648514
  1.22865731  1.19100496  1.15513028  1.13430941  1.10249895  1.05912871
  1.00360514  0.935310351  0.853601293  0.75780874  0.647236329  0.521159528
  0.378824581  0.219447409  0.0422124647 -0.153728439 -0.369257357 -0.605291482
 -0.862784455 -1.14272773 -1.44615198 -1.77412856 -2.12777104 -2.50823676
  1.6260051  1.701714  1.77096197  1.83290253  1.88661695  1.92726708
  1.95976606  1.98961727  2.0163336  2.0405662  2.05879764  2.07775161
  2.09933066  2.12282802  2.14760969  2.17407114  2.20013506  2.22549156
  2.25048207  2.27493015  2.29898576  2.32284029  2.34640111  2.36967705
  2.39229451  2.41479234  2.43772494  2.46029692  2.48133261  2.50036498
  2.51863634  2.53594086  2.55232311  2.56760264  2.58175534  2.59482978
  2.60676562  2.61695249  2.62368737  2.62999485  2.63759607  2.64488275
  2.649342  2.6500367  2.64950453  2.64733633  2.64399708  2.63922051
  2.6333026  2.62678394  2.61971139  2.61157407  2.60330902  2.59261061
  2.57730313  2.5590218  2.54065138  2.52270994  2.50311789  2.48200289
  2.45868221  2.43221022  2.40323674  2.37309485  2.34226065  2.30847878
  2.27214189  2.23167456  2.185193  2.13390173  2.08017201  2.02425026
  1.9645305  1.90408832  1.83561132  1.75415591  1.6618038  1.56311149
  1.45847059  1.34436286  1.21917315  1.08397559  0.939037931  0.783006984
  0.61465285  0.436741493  0.235373053  0.0223044851 -0.233367366 -0.587926762
 -0.991160284 -1.33727756 -1.59768888 -1.83949387 -2.06015474 -2.2569153
 -2.42678445 -2.5665183 -2.6726012 -2.74122524  2.17739222  2.20509337
  2.23344537  2.26241644  2.29240094  2.32239576  2.35186863  2.38032132
  2.40516249  2.43070886  2.46135426  2.49394568  2.52573152  2.5577747
  2.59138859  2.62536006  2.65880871  2.69135009  2.72155754  2.75123305
  2.78330505  2.81470654  2.84113142  2.86522742  2.88974972  2.91353355
  2.93489996  2.95457536  2.97325823  2.99062112  3.00617024  3.01984614
  3.03037265  3.03965734  3.05094112  3.06229647  3.07045173  3.07687646
  3.08392391  3.09066329  3.0950837  3.09839921  3.10327968  3.10811654
  3.1099371  3.10954322  3.10796126  3.10554226  3.10325505  3.10047946
  3.09584052  3.08971572  3.08289933  3.07530087  3.0667852  3.05729425
  3.04682093  3.03522212  3.02265352  3.00846297  2.99064714  2.9698987
  2.94890789  2.92696997  2.90164485  2.87344452  2.84546969  2.81619228
  2.77969743  2.73720391  2.69487362  2.65185439  2.60470865  2.55337424
  2.49891086  2.44066828  2.37658924  2.30632694  2.22990495  2.14703613
  2.05849224  1.96369007  1.85991075  1.74762425  1.63287742  1.51654694
  1.40619657  1.30138079  1.18999019  1.0710907  0.937053011  0.787717479
  0.638850604  0.4913854  0.349213611  0.213756084  0.0866129072 -0.0304173696
 -0.135316578 -0.225823642  2.344844  2.35636228  2.37563874  2.40477202
  2.44806935  2.49694551  2.55391991  2.61208472  2.67084184  2.7310111
  2.79290733  2.85325074  2.91025378  2.96607632  3.01956915  3.07076987
  3.11774949  3.1627602  3.20428299  3.24345888  3.27818712  3.31186019
  3.34315127  3.37414135  3.40403823  3.4339039  3.46364832  3.49191983
  3.5172456  3.54190825  3.56491407  3.58792302  3.61103932  3.63266893
  3.65160871  3.66940774  3.68525512  3.69984403  3.7121966  3.72362471
  3.7332708  3.74254062  3.75153079  3.75906807  3.76460325  3.76807137
  3.7682743  3.76679922  3.76254685  3.75743894  3.75114298  3.74410002
  3.73638878  3.72734073  3.71644386  3.70438232  3.69070638  3.67619295
  3.66075878  3.64449692  3.62701566  3.60941701  3.59268576  3.57455517
  3.55449611  3.53351959  3.51184542  3.48889187  3.46484162  3.43893419
  3.41048196  3.38088536  3.35150392  3.31860532  3.28038036  3.24011798
  3.19889763  3.15359418  3.10321216  3.04865112  2.98999561  2.92554355
  2.85288795  2.77635915  2.69686167  2.61186805  2.51968241  2.42360259
  2.32185901  2.22047471  2.12149819  2.02429453  1.93170351  1.8411699
  1.75484025  1.67190256  1.5939205  1.52285766  1.46105607  1.41129839
  2.14863807  2.28229501  2.39825165  2.48606002  2.56794877  2.65153805
  2.74640649  2.83451255  2.92304728  3.00884089  3.09327786  3.16436768
  3.23359767  3.29472994  3.35818587  3.40736599  3.45937595  3.51034024
  3.55884524  3.6041858  3.64794413  3.69654129  3.73860286  3.7856231
  3.82404241  3.86861505  3.90717285  3.94041569  3.97824735  4.00804141
  4.04247141  4.07261366  4.10323013  4.12853443  4.15375775  4.17798792
  4.19959779  4.22257975  4.23724929  4.25273576  4.26714059  4.27703414
  4.29001952  4.30038772  4.30754482  4.31247045  4.31623458  4.31902397
  4.31920346  4.31624028  4.31340175  4.30710966  4.30112707  4.29183009
  4.28003977  4.26886607  4.25319388  4.23804934  4.22080201  4.19961255
  4.17763686  4.15366588  4.12933951  4.1026824  4.07282357  4.0434223
  4.00975427  3.97637409  3.94701024  3.91686856  3.88298608  3.84604499
  3.81210155  3.77781102  3.74165308  3.701343  3.66599465  3.62601824
  3.5879432  3.53895018  3.48977355  3.43852148  3.38401174  3.32923595
  3.25104118  3.17830027  3.10005135  3.00943857  2.90727168  2.81157403
  2.69658284  2.56509048  2.45166863  2.36081961  2.27059108  2.178961
  2.09680287  1.99856849  1.86515726  1.68799945  2.2847468  2.39293872
  2.48079801  2.57354059  2.70931698  2.82331409  2.95969838  3.06333693
  3.17119243  3.26071018  3.3569894  3.43873175  3.50636087  3.57200957
  3.65206216  3.71847387  3.78637626  3.84868453  3.91637752  3.97447128
  4.0369839  4.0925874  4.14903725  4.20382176  4.25504574  4.30064683
  4.34610561  4.39052236  4.42861501  4.46607866  4.50053688  4.53159811
  4.55834351  4.58611057  4.61077404  4.63044198  4.64983598  4.66786512
  4.68286834  4.69991088  4.70876892  4.71698928  4.72743718  4.73592957
  4.74444074  4.74907069  4.75409984  4.75826928  4.75850813  4.75754448
  4.75502349  4.75333273  4.75090285  4.74414798  4.74043766  4.73213632
  4.72369695  4.71454943  4.70144946  4.68491601  4.6689583  4.65032896
  4.63156006  4.6079471  4.58328123  4.55127536  4.52028475  4.48788267
  4.45040412  4.40854975  4.36478212  4.31719671  4.27090524  4.21923486
  4.16622258  4.11703617  4.06696808  4.01073503  3.95366165  3.89950177
  3.85034863  3.79109965  3.73682052  3.67657205  3.60992913  3.53910366
  3.46059516  3.36840783  3.28245411  3.17277642  3.06136819  2.93850123
  2.80615806  2.66273191  2.50571082  2.37787078  2.26477133  2.15187572
  2.04280032  1.94252606  2.2100767  2.37401011  2.54334183  2.71210898
  2.85938574  3.03219992  3.17154944  3.29133699  3.41374169  3.52370639
  3.62774517  3.71875678  3.81970548  3.91750629  4.00353727  4.09248091
  4.18272684  4.26928307  4.35148428  4.42875623  4.50419256  4.57438074
  4.6379701  4.69706618  4.75521611  4.80917531  4.85238256  4.89826399
  4.93864092  4.97342882  5.00576977  5.03482436  5.06199142  5.08576022
  5.10719117  5.12602674  5.14420908  5.15725615  5.17018705  5.18455884
  5.1948375  5.20366471  5.21216576  5.21629203  5.22437012  5.22799367
  5.2319702  5.2363791  5.23853906  5.23898028  5.23908898  5.23555785
  5.23488874  5.22974716  5.2271588  5.2201769  5.2151185  5.20747081
  5.19662814  5.18708069  5.17575128  5.16135877  5.14753409  5.12823517
  5.10683802  5.08618134  5.06225407  5.03168004  5.00160534  4.96558486
  4.92540424  4.8784652  4.83039426  4.7731355  4.71318536  4.64913752
  4.58101525  4.50954406  4.43100636  4.35568385  4.27894112  4.19753317
  4.11550961  4.03498467  3.95911564  3.87849886  3.78976447  3.69375631
  3.59989101  3.49146815  3.36669237  3.22022236  3.07140488  2.91471862
  2.74133158  2.56962096  2.41077913  2.21668087  1.94969135  1.58506029
 -1.11341022 -1.02258848 -0.929177253 -0.833095776 -0.734260639 -0.632585665
 -0.527981824 -0.420357132 -0.309616552 -0.195661889 -0.0783916793
  0.0422989167  0.166518235  0.294378227  0.425994581  0.581767725  0.746773523
  0.900848333  1.04330915  1.17344353  1.28286006  1.36114118  1.43715628
  1.51073626  1.58170447  1.64987642  1.71509156  1.77710379  1.83570056
  1.89066195  1.94175846  1.98083955  2.01579609  2.05114211  2.08687646
  2.12299769  2.16163529  2.20231771  2.24131426  2.27851011  2.31378536
  2.34631584  2.37243982  2.39854682  2.42461963  2.45064016  2.47658937
  2.50526154  2.5330774  2.55925424  2.58368772  2.60626901  2.62555932
  2.64244949  2.65811318  2.67247477  2.68545538  2.69701187  2.70709089
  2.71547562  2.72206985  2.72677334  2.72948163  2.72848561  2.72596383
  2.72185435  2.71607448  2.70853815  2.69945804  2.68841377  2.67515006
  2.65955602  2.64151626  2.61854896  2.59113254  2.56315701  2.53460983
  2.5054781  2.48093055  2.48194909  2.46760187  2.43707286  2.38951233
  2.32403553  2.23972142  2.13561123  2.01070709  1.86397052  1.6943209
  1.50063389  1.2817398  1.03642185  0.763414418  0.461401221  0.129013393
 -0.235172472 -0.63263636 -1.06491695 -1.53361383 -2.04038971  0.906953461
  1.56207648  2.06806256  2.31753005  2.49343839  2.60112712  2.66888515
  2.72787906  2.77571725  2.82124573  2.86394723  2.90380548  2.93771734
  2.96950801  3.00483479  3.04532608  3.08221299  3.11178306  3.14067788
  3.16966486  3.19938752  3.23118189  3.2660105  3.29892969  3.32842657
  3.35689888  3.38520061  3.41245878  3.43712401  3.45810784  3.47941726
  3.5012841  3.5231505  3.54572171  3.56765507  3.58690184  3.60264819
  3.61713423  3.63020327  3.6416502  3.6501867  3.65715095  3.66490238
  3.67457083  3.68135263  3.68286195  3.68319209  3.68304859  3.68266881
  3.6829275  3.68508937  3.68343588  3.67446222  3.66438254  3.65605546
  3.64771965  3.63625219  3.62039127  3.60399773  3.58856296  3.57085438
  3.5492683  3.52430309  3.49679713  3.46606485  3.43389384  3.40140584
  3.36597584  3.32799643  3.28544145  3.23414564  3.16951792  3.10542088
  3.04996271  2.98671303  2.90804681  2.81583014  2.71439619  2.60373513
  2.48038895  2.3404361  2.18878862  2.0217042  1.84438347  1.67009708
  1.51800771  1.32400646  1.04777058  0.760948057  0.488743197  0.228783101
 -0.0251321942 -0.271764291 -0.509761063 -0.737647821 -0.953817841 -1.1565222
 -1.34385886 -1.51376098 -1.66398439  3.0287625  3.0769672  3.12081479
  3.15946537  3.18641534  3.21287387  3.24876504  3.28735407  3.32342154
  3.3589622  3.39411791  3.4309898  3.47378763  3.51709681  3.55470922
  3.59057114  3.6284918  3.66645408  3.70201882  3.7365047  3.77093194
  3.80508737  3.83943438  3.87235229  3.90165282  3.92812728  3.9511918
  3.97282144  3.9955929  4.01807914  4.03825614  4.05685822  4.07464297
  4.09143853  4.10625558  4.12032308  4.13593154  4.15159015  4.16478326
  4.17640927  4.18722049  4.1978912  4.21071324  4.22340028  4.23139309
  4.23638267  4.24099644  4.24527356  4.24945766  4.25324331  4.25653592
  4.25858008  4.25725172  4.2536074  4.24986745  4.24593837  4.24184345
  4.23725315  4.2322669  4.22564819  4.21386187  4.19779047  4.18053783
  4.16174586  4.14054871  4.11685218  4.09132501  4.06306919  4.02830091
  3.98839898  3.9512222  3.91445736  3.86732733  3.81125948  3.75577727
  3.69918445  3.63338837  3.55830781  3.47566722  3.38586209  3.29602739
  3.20378745  3.09145119  2.95991963  2.82750308  2.69377967  2.55114166
  2.40048872  2.25911875  2.12538935  1.96178577  1.76788109  1.57938328
  1.3979386  1.22540422  1.06387104  0.915688641  0.783492905  0.670236319
  0.579221365  3.08883414  3.14969779  3.21183985  3.2748976  3.33841523
  3.40152076  3.46168689  3.52616335  3.59742506  3.66587688  3.72821085
  3.79133345  3.85477954  3.91792163  3.9804456  4.03950655  4.09246531
  4.14248838  4.18649772  4.23069778  4.27489546  4.31748628  4.35621038
  4.39575628  4.4364093  4.47580181  4.51219079  4.5486807  4.58498173
  4.62033078  4.65351771  4.68609521  4.71756872  4.74730468  4.77335686
  4.79925643  4.8246586  4.84931099  4.87272101  4.89454808  4.91363328
  4.93115883  4.94584447  4.95952701  4.97186369  4.98228595  4.98967802
  4.99518114  4.99730271  4.99870771  4.99959295  4.99853498  4.99423705
  4.98889192  4.98192695  4.97433315  4.96669144  4.95697831  4.9435284
  4.92977913  4.9155227  4.90171485  4.89057446  4.87652209  4.85680454
  4.83738373  4.81989294  4.80071619  4.77934288  4.75642431  4.73212633
  4.70551921  4.67649348  4.64432147  4.60854493  4.5689304  4.52438528
  4.47624562  4.42376725  4.36795061  4.30969271  4.24575306  4.17548012
  4.09802324  4.0116161  3.91803813  3.81460238  3.70671036  3.59496869
  3.47866836  3.35420062  3.23277593  3.11979035  3.00880265  2.90114158
  2.79870979  2.70379219  2.61911969  2.54794289  2.49411725  3.17697309
  3.21841363  3.27152598  3.34346306  3.43297671  3.52233407  3.61130132
  3.7048844  3.80155024  3.89496905  3.9831881  4.06472267  4.13808929
  4.20843462  4.27455579  4.33812888  4.39838539  4.4602978  4.52293982
  4.58256237  4.63819815  4.6947641  4.75160804  4.80864943  4.86495716
  4.91961835  4.9714084  5.02088004  5.0668751  5.11278101  5.15768273
  5.19961305  5.23719072  5.27391494  5.30890779  5.34275737  5.37447002
  5.40255202  5.42548079  5.44815238  5.47004245  5.4898985  5.50669129
  5.5212374  5.53249312  5.54304426  5.55248112  5.55903836  5.56146695
  5.56424759  5.56764336  5.56695211  5.56055126  5.55308228  5.54432421
  5.53450752  5.52357549  5.51015382  5.49348378  5.47537939  5.45580789
  5.4338358  5.40880716  5.38309354  5.35722835  5.32967452  5.30035901
  5.26975135  5.23790998  5.20608834  5.17548684  5.14354728  5.1105991
  5.07611236  5.03999864  5.0042739  4.97141614  4.93419715  4.89117199
  4.84534771  4.79720306  4.7446417  4.68723214  4.6249639  4.55905121
  4.48266355  4.39143872  4.29273082  4.18507588  4.07154746  3.94995466
  3.82992175  3.71758269  3.6051721  3.49191972  3.39023335  3.30575243
  3.2455713  3.21856315  3.23577213  3.19027795  3.26039064  3.34148742
  3.43797639  3.5482756  3.67212256  3.80271612  3.92072425  4.02865365
  4.13537675  4.23887973  4.33337474  4.41989697  4.50258238  4.58249733
  4.66531538  4.74973026  4.83210031  4.91220694  4.99240009  5.07126645
  5.14561886  5.21532277  5.28529611  5.35381086  5.41647867  5.47287089
  5.52812038  5.58106845  5.63107006  5.67677688  5.71731758  5.75202222
  5.78605951  5.81839752  5.84720052  5.87167618  5.89485673  5.91604462
  5.93561059  5.95288193  5.96908185  5.98346274  5.99490265  6.00278194
  6.01179079  6.0216703  6.02877446  6.0322936  6.0351729  6.03706749
  6.03721992  6.03512934  6.03271756  6.02985239  6.02496775  6.0174839
  6.00866784  5.99824933  5.98579586  5.9708691  5.95403575  5.9350426
  5.91324376  5.88812711  5.86037018  5.82973305  5.79657874  5.76091909
  5.72289088  5.68286542  5.63903668  5.59091734  5.54178956  5.49338715
  5.44177635  5.38676297  5.33345172  5.28623408  5.23448331  5.17726262
  5.11898186  5.06261065  5.00171339  4.9373907  4.86438709  4.77982445
  4.69001926  4.59798548  4.49463176  4.37773192  4.24845736  4.0998515
  3.95323907  3.81351379  3.68988927  3.59284157  3.53631441  3.53870596
  3.62412118  3.00185356  3.15625392  3.31990147  3.4898888  3.66152963
  3.81995168  3.96897548  4.10609114  4.23529146  4.35630654  4.47311151
  4.58931121  4.70557093  4.82047205  4.93442836  5.0456743  5.15493735
  5.26224091  5.36731089  5.46881826  5.56564231  5.65311094  5.73272758
  5.81023344  5.88424223  5.95117387  6.0110293  6.06586838  6.11549357
  6.16208262  6.20474686  6.24242387  6.2751173  6.30671847  6.33647967
  6.36392713  6.38819181  6.4086515  6.42504978  6.4411352  6.45637232
  6.47010663  6.48176636  6.49155045  6.49909911  6.50631912  6.51288403
  6.51851689  6.52285766  6.52651045  6.5290748  6.53001876  6.52893661
  6.52735055  6.5250345  6.52114218  6.51532863  6.50902525  6.50217283
  6.49385258  6.48373534  6.47156963  6.45696002  6.44081776  6.42305
  6.40185457  6.37651901  6.34873136  6.31853423  6.28348405  6.24268446
  6.19801751  6.14966723  6.09631996  6.03791044  5.97466335  5.90712384
  5.83575436  5.76239878  5.68506621  5.60577967  5.5238366  5.44261231
  5.36037206  5.28280344  5.2013858  5.12087404  5.02833614  4.92027523
  4.80264266  4.67695976  4.54092801  4.3992013  4.23823863  4.04263794
  3.85873494  3.70106761  3.59036917  3.55576291  3.63768599 -0.39973616
 -0.294745799 -0.187974067 -0.0793919396  0.031030033  0.143321736  0.257513492
  0.373636065  0.491720668  0.611798964  0.733903074  0.858065576  0.984319517
  1.11269841  1.24323625  1.39008562  1.54280632  1.68730836  1.82306033
  1.94950775  2.06187341  2.15426036  2.24233121  2.32579927  2.40436536
  2.47771726  2.53610565  2.59237901  2.64694531  2.69967887  2.75044838
  2.79614692  2.83968721  2.88271207  2.92516697  2.96699483  3.00897603
  3.05086298  3.09112054  3.12963612  3.16629215  3.20042832  3.22920098
  3.25749506  3.2852672  3.31247206  3.33906221  3.36450561  3.38936039
  3.41370276  3.43749001  3.4606775  3.4841822  3.50722149  3.52880122
  3.54882957  3.56721074  3.58367628  3.59798221  3.61056957  3.62133822
  3.63018381  3.63699757  3.63993923  3.64136394  3.6412092  3.63939031
  3.63581907  3.62977203  3.62183702  3.61224511  3.60091332  3.58775532
  3.57366361  3.5582938  3.53987659  3.51825985  3.4932853  3.4702147
  3.47086306  3.45220307  3.41320972  3.35281566  3.26990958  3.16333456
  3.03188632  2.87431145  2.68930556  2.47551131  2.23151648  1.95585186
  1.64698911  1.30333855  0.923246874  0.50499473  0.0467942722 -0.453213412
 -0.996960951 -1.58645745 -2.22379132  1.77965794  2.3197023  2.74813318
  2.9896781  3.16953591  3.28397933  3.36071607  3.43145138  3.49542577
  3.55145283  3.59011752  3.62903381  3.67545345  3.72371268  3.76593488
  3.80001864  3.83441835  3.86846861  3.90347695  3.94087749  3.97896161
  4.01551225  4.05015559  4.08340233  4.11387308  4.14384794  4.17425365
  4.20418832  4.23239832  4.25847751  4.28306349  4.30373856  4.32506441
  4.35073649  4.37697929  4.39769968  4.41040787  4.42437644  4.4411248
  4.45767268  4.47438799  4.48963441  4.50029446  4.50355129  4.50940967
  4.52266415  4.53384602  4.53815291  4.53834305  4.53907878  4.5409769
  4.54138633  4.5398304  4.53681916  4.53210557  4.52591832  4.51901247
  4.51230458  4.50146102  4.48282658  4.46286616  4.44456846  4.42621953
  4.40495556  4.38045627  4.3527033  4.32073307  4.28570125  4.24854085
  4.2079642  4.16175269  4.10868665  4.05109251  3.99226509  3.92416752
  3.84278684  3.74842587  3.64169431  3.51816713  3.38910826  3.25520933
  3.11413015  2.97461555  2.82348309  2.63387638  2.38289165  2.13454102
  1.89941367  1.65814357  1.43203084  1.18597969  0.852272703  0.422430802
 -0.112694543 -0.762970508 -1.5390356 -2.45235607 -3.51528638 -4.74113393
 -6.14422839  3.68297818  3.74627245  3.80344721  3.85334268  3.8891592
  3.92157082  3.95642098  3.99423165  4.03653708  4.08129169  4.12964741
  4.17650009  4.21388292  4.249739  4.29106342  4.33548652  4.38387765
  4.43088168  4.46872949  4.50362513  4.54233061  4.58126714  4.61566603
  4.64830613  4.68266369  4.71644912  4.74666023  4.77439285  4.80008588
  4.82446006  4.84801169  4.87091909  4.89325193  4.91504864  4.93589049
  4.95646274  4.97803332  4.99975211  5.02056024  5.04025914  5.05755169
  5.07405953  5.09382201  5.11388888  5.1283809  5.13949566  5.15037634
  5.16154488  5.17526656  5.18929901  5.19872053  5.20481834  5.21014448
  5.21461687  5.21783978  5.22018345  5.2233838  5.22607065  5.22421432
  5.21907527  5.21509937  5.2105583  5.19983158  5.18406041  5.16796955
  5.15053358  5.12847198  5.10202073  5.07280077  5.04043606  5.00402445
  4.96352396  4.91998955  4.87281831  4.82107152  4.76368643  4.69683381
  4.62057419  4.53997736  4.45306232  4.34910283  4.22877516  4.10439403
  3.97548855  3.83862888  3.6939352  3.54471801  3.39145667  3.24321707
  3.09797725  2.91437179  2.69349208  2.51255019  2.37408987  2.22323223
  2.05782027  1.85432351  1.60804348  1.31378172  0.965789438  3.77072917
  3.82863917  3.8888679  3.95131207  4.01582122  4.08207926  4.14915893
  4.21953161  4.29364289  4.36980309  4.44906632  4.52454917  4.59246734
  4.65984595  4.72544904  4.78996917  4.85271095  4.91122976  4.96138315
  5.01163596  5.0614065  5.11022721  5.15609201  5.20304817  5.25058502
  5.29954768  5.35109688  5.39963652  5.44153302  5.4843612  5.52814013
  5.57165562  5.61478398  5.65529925  5.68990155  5.72550973  5.7630303
  5.79850966  5.82981325  5.86044902  5.89011019  5.91758037  5.94081912
  5.96308671  5.98404695  6.00272985  6.0176494  6.03038122  6.039148
  6.04687332  6.05273788  6.05795134  6.06272321  6.06549537  6.06487175
  6.0630835  6.05955213  6.05498334  6.0492384  6.04194184  6.0316106
  6.02151598  6.01347501  6.00274978  5.98702782  5.97104145  5.95594321
  5.93884131  5.91824015  5.89734247  5.87793831  5.85544149  5.82927049
  5.79900524  5.76264068  5.72355833  5.68292263  5.63667717  5.58158527
  5.52370325  5.46615182  5.40016366  5.3217696  5.23696085  5.14597879
  5.04640042  4.93588226  4.81738581  4.68485081  4.5539818  4.43447694
  4.3069661  4.17026964  4.02371992  3.8665999  3.69813938  3.51751086
  3.32382519  3.11612672  2.89338814  3.72350415  3.79279921  3.87648344
  3.98598306  4.11633473  4.22548965  4.31413122  4.41275937  4.51953118
  4.62181976  4.71728716  4.80351313  4.87929118  4.95488303  5.02940081
  5.10359638  5.17656036  5.2494467  5.32127375  5.3920008  5.4608081  5.531848
  5.6042428  5.67477343  5.74203939  5.80751986  5.86991949  5.9314947
  5.99113635  6.05032341  6.10789709  6.16317713  6.21463818  6.26385823
  6.30937737  6.35223446  6.39093773  6.42796206  6.46212062  6.49388721
  6.52193404  6.54847398  6.57251514  6.59392765  6.61139779  6.62850414
  6.64484516  6.65747814  6.66471705  6.67191453  6.67907152  6.68220274
  6.67959424  6.6767318  6.67375187  6.66810366  6.6587625  6.64814516
  6.63612037  6.62159012  6.60381437  6.58406273  6.56187909  6.53883052
  6.51528807  6.48991567  6.46241427  6.43424471  6.40601442  6.37636949
  6.34523213  6.3141996  6.28459343  6.2534951  6.22118821  6.18715573
  6.15185504  6.11374211  6.0724743  6.02902588  5.98480019  5.93442899
  5.87703376  5.81069684  5.73078006  5.64827168  5.56769441  5.47564754
  5.36821055  5.2505274  5.11754178  4.98239436  4.84309239  4.71583613
  4.61420039  4.52218859  4.44463666  4.3876339  4.35880239  4.36763538
  3.55703814  3.72063793  3.88757768  4.05400425  4.21449926  4.35021309
  4.46921749  4.59509998  4.72291097  4.83745056  4.94139109  5.04367082
  5.14426809  5.24434125  5.34331858  5.44045847  5.53583836  5.63175304
  5.72769206  5.82469895  5.92105452  6.01288993  6.09955432  6.18395881
  6.26502472  6.34396608  6.41908932  6.48828012  6.55063572  6.61100294
  6.66789323  6.71989893  6.76596166  6.80959496  6.84978644  6.88801316
  6.92312995  6.9551479  6.9829185  7.00758365  7.02828139  7.04789958
  7.06590834  7.08396079  7.1014502  7.11681104  7.12906096  7.13823469
  7.14344184  7.14814446  7.15210834  7.15645232  7.16095313  7.16168354
  7.15751945  7.15415724  7.15185089  7.14673324  7.13790611  7.12779179
  7.11617382  7.10182238  7.08403821  7.06447625  7.04305203  7.01855642
  6.99044617  6.95908937  6.92401272  6.88690134  6.84826501  6.80613867
  6.76021419  6.71261074  6.66442615  6.61432332  6.56321514  6.51162795
  6.46192546  6.40977539  6.35596625  6.3009829  6.24788606  6.18842506
  6.12150411  6.04822355  5.96956806  5.87885344  5.77139771  5.65589227
  5.5345885  5.3997411  5.24378265  5.08884164  4.94018398  4.80504006
  4.69318473  4.61767558  4.59579163  4.65022507  3.58239721  3.74401378
  3.91542704  4.09364809  4.2738458  4.43956786  4.59678373  4.74842244
  4.89529033  5.03079417  5.16013514  5.2871452  5.41507584  5.54934185
  5.68761797  5.82175277  5.95318777  6.08385432  6.21243182  6.33424102
  6.44891143  6.5534615  6.64968421  6.74467995  6.8362599  6.91773972
  6.99010597  7.06017852  7.12631635  7.18490431  7.23576414  7.28235842
  7.32439957  7.36503794  7.40300272  7.43578434  7.46307758  7.48948121
  7.51407368  7.53523422  7.5526083  7.56990728  7.58659618  7.60207855
  7.61565738  7.62697818  7.63557504  7.64425325  7.65253758  7.65878924
  7.6623766  7.66449393  7.66488886  7.66638987  7.66893275  7.66858257
  7.66459335  7.66084737  7.65733605  7.65123581  7.64176843  7.63034306
  7.61659828  7.60200141  7.58667144  7.56747881  7.54341894  7.51677353
  7.48746431  7.45392401  7.41552151  7.37369084  7.32878565  7.27755915
  7.21889681  7.15642624  7.09147662  7.02124685  6.9461312  6.86969304
  6.79623554  6.71902923  6.64034099  6.55954668  6.48154106  6.39733864
  6.30816434  6.2137246  6.11973175  6.00988709  5.88044844  5.73038768
  5.54924004  5.36078689  5.17008224  4.98486372  4.81656128  4.68164855
  4.60344865  4.61454215  4.  2.
